468
476
301
311
90
38
